	NPK1	NPK2	NPK3	NPK4	NPK5	NPK6	NPKM1	NPKM2	NPKM3	NPKM4	NPKM5	NPKM6	genus	group
HN1	3.296282713	4.443946667	2.4265152	4.133723301	2.509624786	5.083678118	0.974559086	0.970014934	1.466556737	1.319151909	0.303755637	1.7959552	Coslenchus	HN
HN2	7.529231583	7.702314667	16.6584384	19.41972229	8.887978125	18.29396078	3.071706515	4.383930819	6.37768327	6.744040595	5.526600146	5.583871508	Helicotylenchus	HN
HN3	14.93344612	8.864213334	8.125344	6.198452632	13.90292341	14.89627391	8.358482745	10.09045242	8.536338406	4.748293852	10.77930909	8.168317046	Pratylenchus	HN
HN4	6.051145461	5.460608	2.2150656	1.232281959	2.731120408	1.613186845	0.295342629	0	0.362658636	1.3618176	1.002028509	0.833453785	Paratylenchus	HN
HN5	2.185874922	2.806869334	2.3124096	1.912293326	3.818735011	1.613186845	0	0	0	0	0	0	Tylenchus	HN
HN6	2.879879792	3.855104	1.8727488	4.723036733	0.34300416	2.016483556	0	0.5402592	0.658879526	0	0	0	Malenchus	HN
HN7	2.602277844	4.008234667	0.6511104	1.129236409	2.965528902	2.077153883	0.0885312	0	0	0	0	0	Basiria	HN
HN8	5.697251061	1.790208	2.96352	2.130732039	2.108018502	5.291393506	0.812013257	0.493338362	1.664495491	2.385337783	1.791647128	0.4282112	Boleodorus	HN
HN9	2.324675896	1.597610667	0.5537664	1.116888795	1.706412218	4.863828664	0	0.537194667	0.604431059	0	0.6072192	0	Aglenchus	HN
HN10	1.0616832	2.814762667	0	0	5.245049484	1.613186845	0.2655936	0.694618972	0	0.288171155	0	0.1070528	Rotylenchus	HN
HN11	0	0	4.3311744	1.450720671	0	2.700300047	0.72384	0.6446336	0.241772424	0	0.759024	0.192110769	Macroposthonia	HN
HN12	0.7077888	1.016661334	0.5537664	1.013843245	0	1.038576941	0	0	0.411799704	0.33619968	0.182253382	0	Nagelus	HN
HN13	0	0	1.3022208	0.461572655	1.37201664	0	0.1770624	0.107438934	0	0	0.303755637	0	Hirschmanniella	HN
B2	0.310876067	0.709222866	0.425545438	0.869638111	0.638854476	0.801353824	0.00179224	0	0.014652418	0.009320494	0.002087908	0.034022393	2??-21	B
B3	0.676066132	1.51965375	0.828461338	1.704644631	1.199875042	1.518354602	0.02865919	0.055083309	0.163270009	0.039146083	0.085554515	0.147430345	3??-21	B
B4	0.005002612	0.001533462	0.001103884	0.009619896	0.003853609	0.000879188	0.032241606	0.012590466	0.018838846	0.01304978	0.020866972	0.024572813	1??-59	B
B7	0.002143969	0.015334541	0.014350428	0.035593602	0.009247602	0.036025779	0	0	0	0	0	0	Acetomicrobium	B
B9	0.796128617	0.673186668	0.626451446	0.724377758	0.607258519	0.931398075	0.404811254	0.576014056	0.680291575	0.387732365	0.607228583	0.326992977	Acidibacter	B
B10	0.195816195	0.131877115	0.15675085	0.161614164	0.173392345	0.165191366	0.103889617	0.149511862	0.2700234	0.136079129	0.158588878	0.137979712	Acidicaldus	B
B11	0.010005621	0.00460037	0.004967457	0.01058187	0.003853165	0.004393389	0	0.001574723	0.01046603	0.00186518	0	0.00378246	Acidiphilium	B
B12	0.08647358	0.025302012	0.030908614	0.03751757	0.085540226	0.043933877	0.026868017	0.018885729	0.018838846	0.009320494	0.014606857	0.043473062	Acidipila	B
B14	0.036447547	0.027602189	0.019869827	0.012505857	0.02234834	0.015816195	0.00179224	0	0	0.00186518	0	0	Acidisphaera	B
B16	2.617790936	1.100253841	1.043165843	1.542068473	0.832283254	1.421700086	0.531986471	0.757002081	1.249643331	0.643113778	1.210283795	0.901593337	Acidothermus	B
B18	0.001429322	0.000767173	0.001655815	0.004810502	0.013871833	0	0.00716583	0	0.012559244	0	0.002087908	0.013230914	Acinetobacter	B
B19	0.002144394	0.003833639	0.001656144	0.003848509	0.003082529	0.001757363	0.041197612	0.036197611	0.129778705	0.082020306	0.081381144	0.045363203	Actinoallomurus	B
B23	0.040735484	0.02376855	0.024837284	0.035593602	0.014642025	0.036904444	0.080604016	0.070821407	0.286769032	0.121166353	0.152328842	0.066154645	Actinomadura	B
B25	0.002858629	0	0.00055226	0	0	0	0.048362375	0.067673775	0.083728198	0.070835706	0.079294439	0.051033589	Actinophytocola	B
B26	0.025727677	0.012267648	0.026493099	0.009619896	0.006936138	0.014058849	0.068065629	0.169971345	0.140244735	0.087612588	0.133548575	0.051033589	Actinoplanes	B
B28	0.989086182	0.678553769	0.407883368	0.750351483	0.675074191	0.656372042	0.003582416	0.003147632	0.008374022	0.016776882	0.010434688	0.003780282	Actinospica	B
B31	0.002858643	0.007667278	0.011590729	0.011543864	0.00154216	0.017573541	0.193449604	0.214038005	0.249091381	0.128622741	0.285877377	0.232486327	ADurb.Bin063-1	B
B32	0	0	0	0	0	0	0.021494393	0.007869049	0.046050507	0.055922965	0.031300459	0.064264504	Aeromicrobium	B
B33	0	0	0	0	0.00077108	0.000879188	0.012538387	0.014165188	0.016745632	0.01304867	0.016693562	0.009450669	Aetherobacter	B
B37	0.009290549	0.006133831	0.001656144	0.01058187	0.004623801	0.004393896	0.933215309	0.476864087	0.632147894	0.816474884	0.638529041	0.538687862	agricultural_soil_bacterium_SC-I-84	B
B38	0	0.000767173	0.00055226	0	0	0.000879188	0.01432963	0.012590496	0.041864079	0.031689659	0.025040383	0.032132252	Agromyces	B
B43	0.00714658	0	0.00055226	0	0.00077108	0.002636027	0.012538387	0.034623795	0.033491263	0.026097377	0.037560534	0.030242147	Allorhizobium-Neorhizobium-Pararhizobium-Rhizobium	B
B45	0	0.000767173	0	0.001925095	0.003082544	0.00263655	0.007164832	0.009442864	0.018838846	0.013048706	0.020868175	0.024571724	alphaI_cluster	B
B48	0	0	0	0.001925095	0	0	0.107471998	0.03305001	0.056516537	0.0801562	0.041733945	0.060484222	Altererythrobacter	B
B53	0.008575888	0.000767173	0.001103884	0.001923987	0.003082529	0.001758375	0.028659225	0.088133289	0.138151521	0.048466577	0.154415547	0.090726369	Amycolatopsis	B
B56	0.00714658	0	0.001656144	0.000962548	0.003082529	0.003514708	0.026867982	0.028328563	0.039770905	0.014912776	0.037560534	0.020791442	Anaeromyxobacter	B
B63	0.015007821	0.001533462	0.038083828	0.004810502	0.023118976	0.050084612	0.107471998	0.025180931	0.043957293	0.07829213	0.068860993	0.056703976	Aquicella	B
B64	0.022154387	0.062871642	0.038083839	0.1231346	0.077833896	0.110713365	0.060900797	0.061378542	0.098380656	0.126758635	0.133548575	0.139869817	Aquisphaera	B
B65	0	0	0.001655815	0	0.005394422	0.001758375	0.03403278	0.053509494	0.255370982	0.093204906	0.077207774	0.096396792	Archangium	B
B67	0	0	0	0	0	0	0.032241606	0.018885698	0.033491263	0.046602435	0.027127048	0.02835197	Arenimonas	B
B68	0	0	0	0	0	0	0.037615196	0.029902348	0.008374022	0.024233271	0.018780267	0.005671512	Aridibacter	B
B70	0.005717259	0.002300634	0	0.002886534	0.00077108	0	0.062692005	0.086559504	0.196761272	0.076428024	0.127288459	0.136089571	Asanoa	B
B72	0	0	0	0	0	0	0.008956006	0.009442864	0.02093206	0.014912776	0.029213713	0.017011196	Aurantisolimonas	B
B79	0.063604532	0.063638387	0.054090083	0.097160893	0.067045051	0.054478001	0.229273626	0.327352255	0.458411856	0.361634989	0.398558939	0.336443646	Bacillus	B
B80	0.00357329	0	0	0.000962548	0	0.001757363	0.008956006	0.014164281	0.039770905	0.020505059	0.022953678	0.018901337	bacterium_Ellin6557	B
B81	0.01429316	0.055204378	0.045259043	0.062529284	0.026972142	0.110713348	0	0	0.012559244	0.00373036	0.012521394	0.007561617	bacterium_Ellin7507	B
B84	0.000715073	0.001533462	0	0	0	0.001757363	0.039406404	0.045640475	0.064889353	0.052194753	0.064687582	0.054813835	Bauldia	B
B86	0.004287951	0.003066908	0.003863583	0	0.01078886	0.00263655	0.034032814	0.02203333	0.033491263	0.020505094	0.039647239	0.030242111	Bdellovibrio	B
B87	0	0	0	0	0	0	0.017912011	0.006295263	0.031398089	0.01304867	0.010433486	0.020791442	beta_proteobacterium_WF17	B
B97	0.217255921	0.133410562	0.190419163	0.214523553	0.189575627	0.189794323	0.474668056	0.648409278	1.088466536	0.65989066	0.747037233	0.797636017	Bradyrhizobium	B
B99	0	0	0	0.004809948	0.00077108	0.000879188	0.003582416	0.003147632	0.02093206	0.005593392	0.006261318	0.030242147	Brevundimonas	B
B100	0.383771162	0.282922425	0.25775579	0.433857071	0.334454574	0.267117936	0.813204889	0.576014056	1.124051014	0.661754766	0.813811481	0.763613661	Bryobacter	B
B101	0.120062484	0.063638387	0.098245252	0.032707623	0.067045036	0.110713348	0.021494393	0.02203333	0.027211661	0.022369165	0.027127048	0.020791478	Burkholderia-Caballeronia-Paraburkholderia	B
B106	0.000715073	0	0	0	0	0	0.014329595	0.015738097	0.016745672	0.018640988	0.035473829	0.020791442	Candidatus_Alysiosphaera	B
B114	0.01429316	0.020701642	0.024285342	0.03751757	0.02543087	0.021088266	0.31166885	0.228202286	0.249091381	0.1491278	0.283790672	0.302421253	Candidatus_Koribacter	B
B118	0.005002598	0.008433994	0.002208075	0.012505857	0.016183282	0.007908098	0.005374656	0.004721417	0	0.007457462	0.004173411	0.007560528	Candidatus_Nostocoida	B
B120	0.002858629	0.002300634	0.002208075	0	0.003082529	0.002636027	0	0.009442864	0.012559244	0.007457462	0.006261318	0.007560564	Candidatus_Ovatusbacter	B
B123	0	0.000767173	0	0	0	0	0.012538387	0.020459514	0.014652418	0.022370274	0.018780267	0.041582921	Candidatus_Protochlamydia	B
B124	0.037876855	0.052904186	0.066232754	0.050985421	0.065503764	0.074687586	0.920676922	1.282654275	1.56153085	0.917136142	1.410606618	1.211575081	Candidatus_Solibacter	B
B126	0.004287951	0	0.00110452	0.002886534	0	0	2.047341834	0.705066373	1.036136428	1.358927331	1.262451186	1.032012521	Candidatus_Udaeobacter	B
B129	0.005717259	0.001533462	0.002207768	0.001925095	0.00077108	0.001758375	0.012538387	0.004722354	0.006280848	0.01304867	0.012520191	0.003780282	Catellatospora	B
B131	0.107198646	0.062871642	0.044707101	0.050985421	0.068586308	0.091382445	0.012538422	0.018885698	0.027212867	0.007457462	0.012520191	0.007561617	Catenulispora	B
B132	0.004287951	0	0	0.000962548	0.00077108	0	0.023286633	0.006295263	0.016746838	0.018640953	0.002087908	0.01323204	Caulobacter	B
B140	0.006431919	0	0	0	0.00077108	0	0.034033846	0.014165188	0.033491263	0.031689659	0.016693602	0.02835197	Chitinophaga	B
B146	0.001430145	0	0.00055226	0	0.00077108	0.001758375	0.100307201	0.059804726	0.146524337	0.041010153	0.110594897	0.149320522	Chthoniobacter	B
B149	0.097193437	0.157945857	0.113699564	0.147184321	0.12869565	0.178371518	0.089560022	0.018885698	0.253277809	0.039146047	0.004173411	0.177672492	Chujaibacter	B
B152	0	0	0	0	0	0	0.026867982	0.028328563	0.031398089	0.044738365	0.050080726	0.024571724	CL500-29_marine_group	B
B155	0.001430145	0	0.003863573	0.003848509	0.003082529	0	0.969039331	1.010385299	1.017297582	1.521103873	0.953620172	0.614293139	Clostridium_sensu_stricto_1	B
B163	0	0	0	0	0	0	0.021494393	0.004722354	0.014652418	0.022369165	0.008347983	0.007560564	Clostridium_sensu_stricto_6	B
B171	1.500066395	1.214496236	0.638594117	1.855676906	1.384056232	1.574589949	0.109263206	0.107019018	0.209320475	0.288935141	0.248316843	0.264618578	Conexibacter	B
B175	0	0	0	0	0	0	0.010748246	0.015738097	0.018838846	0.057787035	0.006261318	0.015121055	Corallococcus	B
B179	0.095049468	0.125743298	0.101556893	0.159690177	0.288987242	0.237242908	0.00716583	0.009442864	0.008374022	0.0111846	0.010433486	0.018901301	Crossiella	B
B181	0	0	0	0.000962548	0	0	0.04836241	0.007869049	0.033491263	0.065243424	0.016694764	0.022681583	Cupriavidus	B
B184	0.002859041	0.002300634	0	0.001923987	0.00077108	0	0.04298882	0.070821407	0.11093986	0.072699812	0.110594897	0.077495454	Dactylosporangium	B
B188	0.002143969	0.001533462	0.001656144	0	0.021577719	0.000879188	0.005374656	0.001574723	0.00209442	0	0	0.00189123	Delftia	B
B196	0.013578486	0.006900547	0.010486856	0.005771941	0.003082529	0.007908098	0.107471998	0.075542824	0.127685491	0.113709965	0.08764126	0.069934927	Devosia	B
B201	0	0	0	0	0	0	0.188076049	0.174692793	0.184202028	0.184545671	0.196149452	0.166331682	Dokdonella	B
B203	0.00357329	0.000767173	0	0	0.003082529	0.001758375	0.356448844	0.31476176	0.506555577	0.32994533	0.317177795	0.326992977	Dongia	B
B205	0.264423338	0.120376198	0.086654512	0.050985421	0.131778194	0.179250199	0.012539454	0.014165188	0.033491303	0.014912776	0.027127048	0.017011196	Dyella	B
B206	0.108627967	0.152578757	0.083894813	0.200093728	0.118677426	0.086110374	0.026868017	0.020459514	0.056516537	0.024233271	0.035473869	0.058594117	Edaphobacter	B
B207	0.021440138	0.00460037	0.002207757	0	0.00847741	0.006150752	0.032241606	0.028328563	0.066982526	0.035417871	0.039647239	0.024571724	Edaphobaculum	B
B209	0.002144394	0.002300634	0.004967457	0.005772495	0.008476966	0.011422806	0.103889617	0.105445202	0.175829212	0.048466541	0.118941678	0.14554024	Ellin516	B
B210	0	0	0	0	0	0	0.00716583	0.023607146	0.037677691	0.01304978	0.050080726	0.05292373	Ellin517	B
B211	0.002144394	0.001533462	0.001103884	0.000962548	0.00154216	0.002636027	0.087768814	0.125904716	0.150710725	0.063379353	0.189889376	0.151210627	Ellin6055	B
B212	0.00357329	0	0	0.002886534	0.003082544	0.000879188	0.103889617	0.176266608	0.414454563	0.100661259	0.252490253	0.328883082	Ellin6067	B
B223	0.76325436	1.524254105	1.231377249	1.951875824	1.092757082	1.841707884	0.00537359	0.007869049	0.136058307	0.024233306	0.014606857	0.047253307	FCPS473	B
B225	0	0	0	0.000962548	0	0	0.010747214	0.036197611	0.075355382	0.018640988	0.035473869	0.09261651	Ferruginibacter	B
B233	0.000715073	0	0.00055226	0	0.00077108	0.001757363	0.281218452	0.239218966	0.427013807	0.266566012	0.390212159	0.370466039	Flavisolibacter	B
B235	0	0	0	0	0	0	0.016120803	0.014165188	0.037677691	0.022369165	0.029213753	0.030242147	Flavitalea	B
B236	0.002143969	0	0	0.000962548	0	0	0.008956006	0.01101665	0.031398049	0.01491385	0.052167391	0.020792567	Flavobacterium	B
B241	0.01071987	0.017634734	0.002760017	0.034631591	0.011559496	0.006150752	0	0	0.00209442	0	0	0	G12-WMSP1	B
B242	0	0	0	0.006733934	0	0	0.00716583	0.023607115	0.010467236	0.005593392	0.014608099	0.005671512	Ga0074140	B
B243	0.009290549	0.002300634	0.003311959	0.006733934	0.00077108	0.007908098	0.775589693	0.964744853	0.998458736	1.582619085	1.437733666	1.213465259	Gaiella	B
B244	0	0	0	0	0	0	0.04836241	0.025180931	0.039770905	0.055922929	0.081381184	0.03969278	Galbitalea	B
B247	0.050740694	0.013034364	0.01490237	0.006733934	0.01849519	0.032511071	1.361312163	1.839782602	1.808529017	1.265722461	2.138863584	1.196454062	Gemmatimonas	B
B249	0.043594114	0.024535281	0.017662059	0.050023427	0.030054686	0.024602974	0.026868017	0.031476194	0.058609711	0.037281977	0.052167431	0.017011196	Geodermatophilus	B
B254	0.110771936	0.049837278	0.028700857	0.050985421	0.11097111	0.061507434	0	0	0	0.00186518	0	0	Goodfellowiella	B
B257	0.353755534	0.211616759	0.142952363	0.201055721	0.257391314	0.165191366	0.021494393	0.031476194	0.052330109	0.014912776	0.027127088	0.051033589	Granulicella	B
B261	0.022869048	0.009200725	0.005519399	0.006733916	0.014642025	0.016694876	0.508700836	0.681459258	0.881239235	0.520083319	0.909799522	0.529237157	Haliangium	B
B265	0.000715073	0	0	0	0	0	0.186284806	0.265973713	0.240718565	0.1826816	0.260836994	0.158771154	Hamadaea	B
B268	0	0.002300634	0.00110452	0.002885961	0.00154216	0.003515214	0.00716583	0.012590466	0.060702925	0.024233271	0.04799398	0.052923694	Herbidospora	B
B273	0.046452743	0.083573284	0.052986209	0.091388971	0.085540226	0.078202294	0.026868017	0.012590496	0.131871919	0.009320494	0.027127048	0.107737565	HSB_OF53-F07	B
B278	0	0	0	0	0	0.000879188	0.026868017	0.039345212	0.035584477	0.052194717	0.060514212	0.022681619	Hyphomicrobium	B
B280	0	0	0	0	0	0	0.034032814	0.058230911	0.041864119	0.065243424	0.110594897	0.062374399	Iamia	B
B281	0	0	0	0	0	0	0.041197612	0.026754747	0.033491263	0.046602435	0.04799402	0.037802639	Ilumatobacter	B
B283	0.007861241	0.003833639	0.007727156	0.003848509	0.004623801	0.008786762	0.00537359	0.015738067	0.006280848	0.005593392	0.008347983	0.003780282	Inquilinus	B
B284	0	0.001534345	0	0.000962548	0.00077108	0.005272071	0.053735999	0.050361892	0.102567044	0.141671412	0.127288459	0.0812757	Intrasporangium	B
B285	0.002143969	0.010734172	0.005519399	0.011543864	0.01078886	0.008786762	0	0	0	0	0	0.00189123	Irregularibacter	B
B289	0.15508071	0.157179126	0.085550639	0.210675616	0.195740686	0.245151006	0.186284841	0.192004705	0.251184595	0.370955483	0.323437911	0.230596222	Jatrophihabitans	B
B291	2.412684206	4.63026687	2.994272323	5.861399377	3.839291858	5.541818529	0.025076809	0.01101668	0.108846646	0.050330647	0.018780267	0.170111928	JG30a-KF-32	B
B292	0	0	0	0	0	0	0.145087194	0.097576153	0.140244695	0.093204906	0.079294439	0.077495418	JGI_0001001-H03	B
B293	0	0	0	0	0	0	0.019703185	0.012590496	0.008374022	0.016776882	0.012521394	0.015121092	Kaistia	B
B295	0.002144394	0	0.00055226	0	0.00077108	0.001757363	0.008956006	0.031476164	0.056516537	0.011184564	0.022953678	0.032132288	Kibdelosporangium	B
B299	0.037877267	0	0	0	0.00077108	0	0.080603982	0.108592803	0.152803939	0.150991906	0.100161411	0.141759958	Kribbella	B
B300	0.030015628	0.059804733	0.040843538	0.042327518	0.036219729	0.084353029	0	0	0	0	0	0	Ktedonobacter	B
B301	0.010720282	0.005367101	0.010486856	0.015391818	0.006165073	0.013180168	0	0	0	0	0	0	Ktedonobacterales_bacterium_Uno3	B
B305	0	0	0	0	0	0	0.012539454	0.020459514	0.031398049	0.022369165	0.010433486	0.015121092	Lachnospiraceae_UCG-007	B
B309	0.002143969	0.004600812	0.00607133	0.007695928	0.006935694	0.007029433	0	0	0	0	0	0	LD29	B
B310	0.027872057	0	0	0	0.00077108	0.000879188	0.007164798	0.009442864	0.020932019	0.018640988	0.008347983	0.005671512	Lechevalieria	B
B311	0.002143969	0	0.002759699	0.002886534	0.002311893	0.007029433	0.021494393	0.028328563	0.018838846	0.024233271	0.041733905	0.037802675	Legionella	B
B312	0.007146992	0.008434451	0.001656144	0.005771923	0.006165073	0.010544124	0.00358448	0.007869049	0.008372856	0.005592282	0.006261318	0.005671512	Leifsonia	B
B314	0	0	0	0	0	0	0.005374656	0.003149445	0.031398089	0.009320494	0.012520191	0.05292373	Leptolyngbya_EcFYyyy-00	B
B317	0	0	0	0	0	0	0.014329595	0.02203333	0.023025274	0.01304978	0.020866932	0.01134081	Leucobacter	B
B319	0	0	0	0	0	0.000879188	0.016121835	0.017311883	0.008374022	0.018640988	0.010434688	0	Litorilinea	B
B323	0.000715073	0	0	0	0.00077108	0	0.055527207	0.125904716	0.127685491	0.065243424	0.156502212	0.086946087	Luedemannella	B
B325	0.000715073	0	0	0	0	0	0.184493598	0.040919028	0.148617551	0.206914871	0.125201794	0.145540204	Luteimonas	B
B326	0	0	0	0	0.002311893	0	0.012538387	0.018885698	0.004186428	0.018640988	0.008347983	0.011340773	Luteitalea	B
B329	0.002143969	0	0.00055226	0	0.001541272	0.000879188	0.175537627	0.053509494	0.108846646	0.199458483	0.095988041	0.077495454	Lysobacter	B
B332	0	0.000767173	0.00055226	0.002885961	0	0.001757363	0.059109623	0.04406666	0.062796139	0.162176506	0.152328842	0.109627706	Marmoricola	B
B333	0.003573702	0	0.003863901	0.002885961	0.00154216	0.001757363	0.021494427	0.036197611	0.029304875	0.014912776	0.031300418	0.026461865	Massilia	B
B336	0.009290549	0	0.00055226	0	0.00077108	0.003515214	0.109263206	0.092854706	0.129778705	0.132350953	0.13146187	0.122858621	Mesorhizobium	B
B337	0.035732873	0.046003639	0.045259043	0.042327518	0.06242125	0.071172861	0.494371241	0.50519268	0.552606084	0.480937272	0.724083556	0.538687826	metagenome	B
B339	0	0	0	0	0	0.000879188	0.02865919	0.094428522	0.039770905	0.014912776	0.112681603	0.02835197	Methylobacillus	B
B349	0.002858643	0.000767173	0.002208075	0.000962548	0	0.005272071	0.019703219	0.088133289	0.094194228	0.024233271	0.054254096	0.068044786	Micromonospora	B
B351	0.001430145	0	0	0	0.00077108	0	0.032241606	0.009442864	0.025118447	0.089476694	0.022953678	0.030242147	Microvirga	B
B353	0	0.013034364	0	0.010581889	0	0	0.075230426	0.034623795	0.031398089	0.057787035	0.037560534	0.007560564	Mizugakiibacter	B
B354	0	0	0.00055226	0	0.001541272	0.000879188	0.136131189	0.103871386	0.098380616	0.14726373	0.106421487	0.109627706	mle1-7	B
B357	0.00714658	0	0	0	0.001541272	0.004393389	0.530195263	0.564997376	0.768206201	0.385868259	0.663569384	0.529237157	MND1	B
B360	0.004287951	0	0.00055226	0	0.00077108	0	0.010747214	0.017311883	0.018840052	0.018640953	0.008347983	0.020791478	Mucilaginibacter	B
B362	0.220829211	0.203949496	0.15675085	0.349202016	0.268950795	0.288206184	0.340328041	0.265973713	0.395615717	0.50144233	0.35891174	0.334553505	Mycobacterium	B
B365	0	0	0	0	0	0	0.035823988	0.012590496	0.031398049	0.052194753	0.012521394	0.035912534	Nannocystis	B
B366	0	0	0	0	0	0	0.005374656	0.007869049	0.02093206	0.005593392	0.020866972	0.018902426	Neochlamydia	B
B369	0.020725066	0	0	0.000962548	0	0.001758375	0.053735999	0.116461852	0.11093986	0.042874259	0.125201754	0.086946123	Niastella	B
B370	0	0	0	0	0	0	0.008956006	0.014164281	0.023025274	0.007456424	0.037560534	0.022681619	Nitratireductor	B
B371	0.000715073	0	0	0.007695909	0	0.002636027	0.025076809	0.004722354	0.056516537	0.027961483	0.016693602	0.017011196	Nitrolancea	B
B372	0.002144394	0.00460037	0.001655815	0.002886534	0.004623801	0.012301487	0.180911217	0.078690425	0.138151521	0.219963577	0.121028384	0.058594117	Nitrosospira	B
B373	0.817568343	0.285989333	0.146263994	0.243383239	0.11405364	0.113349392	0.546316066	0.265973683	0.337006007	0.376547765	0.40273235	0.257058051	Nitrospira	B
B375	0.031444936	0.009200725	0.01490237	0.015391837	0.03699038	0.035147098	0.016121835	0.015738097	0.016745632	0.039146047	0.018780267	0.032132288	Nocardia	B
B376	0.001429322	0.001533462	0.00055226	0.009619896	0.00154216	0.006151258	0.259724025	0.283285596	0.345378782	0.602103625	0.642702412	0.425279874	Nocardioides	B
B378	0.00714658	0	0	0	0	0	0.016121835	0.012590466	0.01046603	0.020505094	0.016693602	0.007560564	Nonomuraea	B
B379	0	0	0	0.000962548	0	0.001757363	0.068065629	0.056657095	0.083728198	0.095068976	0.075121068	0.09261651	Nordella	B
B384	0	0	0	0	0	0.001758375	0.044779994	0.009443771	0.014652418	0.031689695	0.035473829	0.037802675	Novosphingobium	B
B385	0.530275957	0.581946107	0.570705548	0.424237176	0.886998173	0.600136678	0.1540432	0.103871386	0.125592277	0.109981789	0.123115089	0.158771154	Occallatibacter	B
B386	0.001430145	0.003066923	0.001656144	0.001923987	0.001541272	0.000879188	0.003582416	0.01101665	0.016745672	0.016776882	0.018780267	0.011340773	Oceanobacillus	B
B392	0	0	0	0	0.00077108	0	0.016120803	0.029902378	0.033491263	0.035417871	0.031300459	0.047253307	OM27_clade	B
B393	0	0	0	0	0	0	0.037615196	0.014164281	0.016745632	0.031689659	0.018780267	0.017011196	OM60_NOR5_clade	B
B394	0.001429322	0.00306735	0.003311959	0.000962548	0.003082973	0.00966546	0.059109623	0.099149969	0.083728198	0.044738365	0.075121068	0.054813871	Opitutus	B
B397	0	0.001534345	0.002207768	0.004809948	0.00154216	0.007029416	0.005374656	0.004722354	0.008374022	0.014912812	0.006261318	0.00189123	Oryzihumus	B
B399	0.001429322	0.00460037	0.002207757	0.000962548	0.003853609	0.00263655	0.082395224	0.096002338	0.142337909	0.100661294	0.204496233	0.109627706	P3OB-42	B
B400	0	0	0.005519399	0	0	0.004393896	0.019703219	0.00629614	0.035584477	0.020505094	0.012521394	0.030242111	Paenarthrobacter	B
B401	0.008575888	0.013801095	0.009934914	0.020201766	0.013871833	0.007029416	0.010747214	0.02203333	0.048143721	0.016776882	0.022953638	0.024571724	Paenibacillus	B
B404	0.016437129	0.016101287	0.020421769	0.022125752	0.025430884	0.04393386	0.04298882	0.129052347	0.077448596	0.041010153	0.125201794	0.09261651	Pajaroellobacter	B
B411	0	0	0.001103884	0.000962548	0	0	0.180911251	0.125904716	0.203040874	0.184545671	0.137721945	0.124748762	Parafilimonas	B
B418	0.000715073	0	0	0.000962548	0	0.002636027	0.039406404	0.047214291	0.071168954	0.063379353	0.068860993	0.052923694	Pedomicrobium	B
B422	0.004288363	0	0.001656144	0	0.00154216	0.001757363	0.023285601	0.047214261	0.050236895	0.035417871	0.064687582	0.049143485	Phaselicystis	B
B423	0.000715073	0	0.00055226	0	0.00154216	0	0.087768814	0.094428522	0.142337949	0.085748518	0.191976082	0.156881013	Phenylobacterium	B
B424	0	0	0	0	0	0	0.00179224	0.045640445	0.00209442	0.00186518	0.252490253	0.005671512	Phormidium_IAM_M-71	B
B428	0.025727677	0.026068742	0.004967775	0.074073148	0.004623801	0.005272071	0.005374656	0.003149445	0.00209442	0.003728212	0	0	Physcomitrella_patens	B
B429	0.001429322	0	0	0	0	0	0.073439218	0.108592833	0.129778705	0.065243424	0.085554555	0.068044786	Phytohabitans	B
B437	0	0	0	0	0	0	0.003582416	0.01101668	0.016745672	0.031689659	0.010433486	0.011340773	Polyangium	B
B441	0.000715073	0	0	0	0	0	0.021494427	0.01101665	0.008374022	0.027961483	0.020866972	0.00378246	possible_genus_04	B
B447	0.000715073	0.000767173	0.002207757	0.004810502	0.00077108	0.001757363	0.014330627	0.003147632	0.012559244	0.026097377	0	0.013230951	Pseudarthrobacter	B
B449	0.002143969	0	0	0	0	0	0.003582416	0.040919028	0.014652418	0	0.045907315	0.005671512	Pseudoduganella	B
B452	0.009290549	0.013801095	0.013798486	0.014429825	0.016953918	0.016694876	0.111054414	0.127478501	0.144431123	0.130486847	0.150242137	0.137979712	Pseudolabrys	B
B453	0.000715073	0.001534345	0.00055226	0.007695909	0.006935694	0.010544124	0.019704251	0.015738097	0.272116614	0.0223692	0.031300459	0.160661295	Pseudomonas	B
B454	0.077183032	0.058271272	0.033668314	0.105818814	0.074751366	0.055356683	0.046571202	0.051935708	0.056516537	0.085748518	0.068860993	0.05292373	Pseudonocardia	B
B455	0.000715073	0	0	0	0	0.000879188	0.016121835	0.007869049	0.023025274	0.027961447	0.022953678	0.011340773	Pseudorhodoplanes	B
B456	0.002143969	0	0	0.000962548	0	0	0.005374656	0.018885698	0.054423323	0.016776882	0.039647199	0.028352006	Pseudosporangium	B
B460	0.017151789	0.000767173	0.009935232	0.000962548	0.016953918	0.010544124	0.068065629	0.055083309	0.07954181	0.061515247	0.050080726	0.0812757	Puia	B
B465	0.001429322	0.000767173	0.002207757	0	0.002312352	0	0.042988786	0.053509494	0.148617551	0.044738329	0.052167431	0.107737565	Ramlibacter	B
B466	0.008575888	0	0.001103884	0.011543864	0.021577719	0.007029923	4.705482948	3.39942724	4.378984633	3.159645923	3.551556867	3.765144501	RB41	B
B467	0.005002612	0.00306735	0.006071659	0.004810502	0.003082544	0.003515214	0.150460818	0.185709473	0.278396256	0.164040612	0.22744991	0.219255412	Reyranella	B
B468	0.000715073	0	0	0	0	0	0.007164832	0.009443771	0.014652418	0.007457462	0.029213713	0.007561617	Rhizobacter	B
B471	0.010005209	0.003833639	0.002759699	0.005771941	0.009247588	0.000879188	0	0	0	0	0	0	Rhizomicrobium	B
B473	0.018581097	0.01916818	0.008279088	0.023087727	0.023118991	0.00966546	0.659161689	0.218759422	0.412361349	0.507034612	0.329697987	0.347784419	Rhodanobacter	B
B475	0	0	0	0.000962548	0.001541272	0.000879188	0.051944791	0.018885729	0.020932019	0.104389471	0.016693562	0.028352006	Rhodococcus	B
B478	0.011434517	0.006133817	0.003311641	0.007695909	0.008476952	0.001757363	0.008956006	0.014165188	0.046050507	0.033553765	0.037560534	0.032132252	Rhodopila	B
B479	0.06146055	0.070538935	0.081135124	0.069263218	0.107888566	0.111592029	0.300921637	0.300597509	0.491903159	0.439927119	0.454899781	0.472533217	Rhodoplanes	B
B484	0	0	0	0	0.002311893	0.000879188	0.093142403	0.116461852	0.115126247	0.186409777	0.154415547	0.069934927	Romboutsia	B
B487	0.027156999	0.02376855	0.037531897	0.018277798	0.040072894	0.05359932	0.00179224	0	0.00418884	0.00186518	0	0	Roseiarcus	B
B489	0.004287951	0.003066923	0.006071341	0.007695909	0.004623786	0.007908098	0.016120803	0.006295263	0.023025233	0.01304867	0.012521394	0.015121055	Roseisolibacter	B
B493	0.002143969	0	0	0	0	0.002636027	0.044779994	0.029902378	0.043957293	0.024233271	0.045907315	0.028352006	Rubrobacter	B
B496	0.000715073	0.000767173	0	0.002885961	0.003082529	0	0.229273661	0.229776102	0.341192395	0.173361106	0.27127048	0.154990872	Rugosimonospora_sp._260305	B
B504	0	0	0	0	0	0	0.012539454	0.029902378	0.031398049	0.013048706	0.029213713	0.007560528	Sandaracinus	B
B510	0	0	0.00055226	0	0	0	0.019703219	0.011017587	0.02093206	0.0223692	0.004173411	0.013230951	Shinella	B
B515	0.033588904	0.053670917	0.031460567	0.0961989	0.083228333	0.072930223	0.170164003	0.11331425	0.173735998	0.164040612	0.185715966	0.264618615	Singulisphaera	B
B517	0.005002598	0.006900547	0.007175214	0.018277779	0.012330117	0.008786779	0	0.001574723	0.00209442	0	0.002087908	0.007560564	Sinomonas	B
B519	0.000715073	0	0	0.000962548	0	0	0.021494393	0.062952358	0.10047387	0.145399624	0.04799402	0.060484258	Skermanella	B
B520	0	0	0	0	0	0	0.0770216	0.070821376	0.106753472	0.061515212	0.08764122	0.062374399	SM1A02	B
B523	0.001430145	0.000767173	0.001103884	0.003847973	0	0.001758375	0.164790414	0.261252266	0.295141888	0.411965636	0.467419932	0.334553505	Solirubrobacter	B
B526	0	0	0	0	0	0	0.007164798	0.034623795	0.016745632	0.016776882	0.031300459	0.007561617	Sorangium	B
B532	0.094334821	0.124976567	0.118115069	0.105818796	0.1957407	0.222305394	3.342379611	1.076485288	4.242926326	2.999333523	2.441434523	4.114819061	Sphingomonas	B
B533	0.000715073	0	0	0	0	0	0.00537359	0.067673805	0.008372816	0.018640953	0.058427466	0.018901337	Sphingopyxis	B
B539	0.002144394	0.005367542	0.007175214	0.006734489	0.003082529	0.009665443	0	0	0.00209442	0	0	0	Sporosarcina	B
B541	0	0	0.00055226	0	0	0	0.087768814	0.036197581	0.025118447	0.054058823	0.029213753	0.03969278	Stenotrophobacter	B
B543	0.006431919	0	0.001655815	0	0	0	0.057318415	0.064526174	0.075355382	0.083884412	0.068860993	0.037802639	Steroidobacter	B
B546	0.213682645	0.049070562	0.078927367	0.078883095	0.07398073	0.1168641	0.44242645	0.558702143	0.412361349	0.609560013	0.792944549	0.309981781	Streptomyces	B
B549	0	0	0	0	0	0	0.039406404	0.047214291	0.046050507	0.044738365	0.060514172	0.043473062	Subgroup_10	B
B552	0	0	0	0	0	0	0.008957038	0.017311883	0.018838846	0.009321568	0.022953678	0.022681619	Sumerlaea	B
B553	0.000715073	0	0.00055226	0	0	0	0.012539454	0.018886635	0.041864119	0.01304867	0.029214956	0.026461865	SWB02	B
B554	0.005003023	0.011500917	0.003311641	0.009619896	0.013100753	0.005272577	0	0	0	0	0	0	Syntrophaceticus	B
B556	0	0	0	0	0	0	0.005374656	0.028328563	0.00418884	0.00186518	0.029213753	0.00189123	Tahibacter	B
B558	0	0	0	0	0	0	0.046571202	0.015738097	0.016745632	0.027961447	0.020866972	0.034022393	Tellurimicrobium	B
B560	0	0.000767173	0.00055226	0.002886534	0	0	0.021494393	0.01101665	0.031398049	0.0913408	0.058427466	0.028352006	Terrabacter	B
B563	0.000715073	0	0	0	0	0	0.035823988	0.086559473	0.06907574	0.055922929	0.106421527	0.066154681	Terrimonas	B
B564	0	0	0.002760017	0.002886534	0.00077108	0	0.302712845	0.365123682	0.341192395	0.576006248	0.400645685	0.206024462	Terrisporobacter	B
B573	1.295674299	0.68928794	0.656808118	0.629140851	0.559479294	0.88394949	0	0.003147632	0.016745632	0.005592282	0.004175815	0.032132252	Thermosporothrix	B
B575	0	0	0	0	0	0	0.068065629	0.138495182	0.066982567	0.089476694	0.014608099	0.077495454	TM7	B
B579	0.015722468	0.028368905	0.0237334	0.033669616	0.019265811	0.031632373	0.023285601	0.045640445	0.050236895	0.054058859	0.04799402	0.017011196	Tumebacillus	B
B580	0.007861653	0.012267648	0.004967457	0.016353811	0.031595928	0.023724293	0.019703185	0.026754747	0.033491263	0.048466541	0.041733945	0.058594117	Tundrisphaera	B
B581	0.000715073	0	0	0	0	0	0.055527207	0.050361892	0.081634984	0.113709965	0.070947658	0.035912534	Turicibacter	B
B587	2.318349385	2.8974629	2.315938562	4.26738349	3.591918767	3.670235618	9.957281962	8.490699036	11.62147356	9.695173134	11.48517572	10.27098151	uncultured	B
B588	0.013578499	0.008434009	0.037531897	0.006733916	0.034678472	0.030753709	0.016120803	0.001574723	0.00209442	0.009320494	0.006261318	0.00189123	uncultured_Acetobacteraceae_bacterium	B
B590	0.458095537	0.647884657	0.602718035	0.866752149	0.727477232	0.653736015	3.931684463	3.665400923	3.887081474	2.852069757	3.785266853	3.905014318	uncultured_Acidobacteria_bacterium	B
B591	0.002858629	0.013801095	0.013798486	0.029821661	0.020036462	0.030753709	0.055527207	0.040919028	0.029304875	0.054058823	0.022953678	0.037802639	uncultured_Acidobacteriaceae_bacterium	B
B592	0.002143969	0	0	0.002886534	0.003853165	0	0.770216103	0.566571192	0.625868252	0.620744613	0.444466255	0.525456911	uncultured_Acidobacteriales_bacterium	B
B594	0.004287937	0.005367101	0.002208075	0.008657902	0.005394422	0.012301487	0.010748246	0.009442864	0.035584477	0.018640988	0.045907315	0.024571724	uncultured_actinobacterium	B
B596	0.15508071	0.176347307	0.104316582	0.166424093	0.135631344	0.172220783	0.111054414	0.14636423	0.299328275	0.091340764	0.202409528	0.170111928	uncultured_Alphaproteobacteria_bacterium	B
B598	2.344791723	1.313404061	0.898005723	1.82200729	1.626034886	1.680909924	8.578057788	8.452927609	10.23786513	10.29354858	11.83991405	9.902405647	uncultured_bacterium	B
B600	0	0	0	0.000962548	0	0	0.046571202	0.017311883	0.018840052	0.055922929	0.010433486	0.020791442	uncultured_bacterium_gp6	B
B601	0.002143969	0.001533462	0	0.000962548	0.00077108	0	0.012538422	0.039345243	0.031398049	0.011184564	0.056340801	0.02835197	uncultured_Bacteroidetes_bacterium	B
B602	0.00357329	0.001533462	0.00110452	0.000962548	0.00077108	0	0.807831265	0.390304613	0.422827379	0.680395719	0.477853458	0.359125229	uncultured_beta_proteobacterium	B
B603	0	0	0.00055226	0	0	0	0.037615196	0.034623795	0.020932019	0.024233271	0.052167391	0.028352006	uncultured_Caldilineaceae_bacterium	B
B606	0.026442338	0.039103092	0.022629527	0.064453252	0.040072894	0.026360319	0.003582416	0.003149445	0.008374022	0.00186518	0.006261318	0.005671512	uncultured_Candidatus_Saccharibacteria_bacterium	B
B609	0	0	0	0	0.001541272	0.000879188	0.064483213	0.072395222	0.054423323	0.063379318	0.116854973	0.030242111	uncultured_Chloroflexi_bacterium	B
B613	0.00357329	0	0	0	0	0.002636027	0.023285601	0.011017587	0.014652418	0.042874223	0.020866972	0.017011196	uncultured_Conexibacteraceae_bacterium	B
B614	0	0	0	0	0.00077108	0	0.010747214	0.004721417	0.00209442	0.029825553	0.010433486	0.013230914	uncultured_cyanobacterium	B
B617	0	0	0	0	0	0	0.032241606	0.034623795	0.062796139	0.055922929	0.031300418	0.083165841	uncultured_Desulforegula_sp.	B
B620	0.022154387	0.037569645	0.028700867	0.035593602	0.06242125	0.028117665	0.096724785	0.114888066	0.117219502	0.098797188	0.110594897	0.049143448	uncultured_forest_soil_bacterium	B
B621	0	0	0	0	0.00077108	0	0.19703202	0.390304613	0.27002344	0.130486847	0.331784692	0.189013265	uncultured_Holophagae_bacterium	B
B622	0	0	0	0	0	0	0.016120803	0.040919028	0.064889353	0.014912812	0.039647239	0.049143485	uncultured_Hyphomicrobiaceae_bacterium	B
B624	0.01786645	0.006900547	0.036979955	0.020201766	0.010018224	0.034268417	0	0	0	0.00186518	0	0	uncultured_Ktedonobacterales_bacterium	B
B627	0.032874257	0	0.00055226	0	0	0	0.007164832	0.009442864	0.006279602	0.0111846	0.020866972	0.003780282	uncultured_Mollicutes_bacterium	B
B629	0.00571767	0.005367086	0.001656144	0.01346785	0.004623786	0.005272071	0.04836241	0.036197611	0.054423323	0.037281941	0.045907315	0.043473062	uncultured_organism	B
B632	0.012863839	0.040636553	0.039739644	0.050023427	0.027742778	0.055356683	0.00537359	0.007869049	0.025118488	0.009320494	0.018780267	0.013230914	uncultured_planctomycete	B
B637	0.002143969	0.002300178	0.00110452	0.002886534	0	0	0.01432963	0.012590496	0.014653664	0.005592282	0.016693562	0.009450669	uncultured_Rhizomicrobium_sp.	B
B638	0.004287951	0.00306735	0.002208075	0.000962548	0.006935694	0.003514725	0.00358448	0.001574723	0.016745672	0.0111846	0.008346821	0.01134081	uncultured_Rhodospirillaceae_bacterium	B
B639	0.012149192	0.014567825	0.009934914	0.004809948	0.011559481	0.012301487	0.026868017	0.017311883	0.033491263	0.037281977	0.033387164	0.024571724	uncultured_Rhodospirillales_bacterium	B
B640	0	0	0	0	0	0	0.390481624	0.003147632	0.041864119	0.879854201	0.004173411	0.045363203	uncultured_Rubrobacteraceae_bacterium	B
B641	0.138643582	0.168680029	0.118115079	0.135640457	0.245061182	0.270632644	0.007164798	0.009442834	0.043957293	0.016777956	0.04382061	0.037802639	uncultured_Rubrobacterales_bacterium	B
B642	0.01929617	0.005367542	0.003311631	0.017315805	0.005394881	0.008787285	0.062692005	0.051935708	0.10047383	0.16963293	0.081381144	0.094506651	uncultured_Rubrobacteria_bacterium	B
B643	0.247986196	0.218517307	0.089966154	0.386719605	0.191116899	0.237242908	0.12001042	0.204595171	0.25955741	0.260973694	0.231623281	0.207914603	uncultured_soil_bacterium	B
B646	0.002143969	0.005367101	0.001655815	0.006734489	0.008476966	0.016694876	0	0	0	0.00186518	0	0	uncultured_Sphaerobacter_sp.	B
B652	0.000715073	0	0	0	0	0	0.003582416	0.012590466	0.016745632	0.014912776	0.020866972	0.017012285	uncultured_Verrucomicrobia_bacterium	B
B654	4.589531367	6.997154388	4.454152563	8.292345752	6.776172866	6.528573287	11.65713096	10.09283652	11.60682114	12.32541524	13.79932179	13.41427234	unidentified	B
B656	0	0	0	0	0	0	0.019703185	0.018885698	0.01046603	0.018640988	0.037560534	0.013230914	Ureibacillus	B
B661	0	0	0	0	0.003082529	0	0.042988786	0.047214261	0.07954177	0.048466541	0.041733905	0.05292373	Vicinamibacter	B
B663	0	0.000767173	0	0	0.00077108	0	0.017911977	0.02203333	0.031398049	0.0111846	0.035473869	0.013230951	Vulgatibacter	B
B667	0	0	0.001103884	0	0.001541272	0.000879188	0.02865919	0.025181868	0.048143721	0.039146047	0.04799402	0.047253344	YC-ZSS-LKJ147	B
