genus	NPK1	NPK2	NPK3	NPK4	NPK5	NPK6	NPKM1	NPKM2	NPKM3	NPKM4	NPKM5	NPKM6
P1	19.87369658	22.05889264	21.8787634	13.100492	13.8279483	20.55103539	98.27768395	243.0180643	171.5192392	110.7034807	165.1528125	116.4936114
P2	0	0	2.430973711	6.113562931	0.813408724	6.850345131	10.77015714	47.96409164	33.63122338	9.767954178	31.83668674	14.97775004
P3	43.47371126	57.51068439	64.82596563	76.85621971	64.25928918	106.1803495	8.077617859	20.78443971	8.407805845	16.27992363	15.91834337	18.30613893
P4	0	0	0	0	0	0	2.692539286	33.57486415	8.407805845	8.139961815	17.90813629	11.64936114
P7	0	0.787817594	1.620649141	6.113562931	4.880452342	0	20.19404465	15.98803055	11.77092818	17.90791599	37.8060655	16.64194449
P8	0.621053018	1.575635189	2.430973711	1.746732266	0	0.856293141	22.88658393	6.395212219	21.8602952	13.0239389	25.86730797	8.320972243
P9	60.86319577	51.99596123	30.79233368	89.08334557	90.28836834	61.65310618	52.50451608	81.53895579	53.80995741	73.25965634	125.356954	84.87391687
P11	0	0	0	0	0	0	1024.511198	746.6410266	1178.774379	2725.259216	1088.416728	1477.80467
P13	0	0	0	0	0	0	6.731348216	7.994015274	5.044683507	4.883977089	11.93875753	6.656777794
P16	0	0	0	0.873366133	0	0	5.385078572	6.395212219	8.407805845	3.255984726	1.989792921	1.664194449
P18	6.831583199	3.939087972	2.430973711	10.4803936	17.89499192	6.850345131	8.077617859	4.796409164	0	3.255984726	13.92855045	1.664194449
P20	0.621053018	0.787817594	0	0	0	1.712586283	20.19404465	38.37127331	8.407805845	8.139961815	11.93875753	23.29872228
P21	0.621053018	0.787817594	0	0.873366133	4.067043619	3.425172566	0	9.592818329	0	0	0	1.664194449
P23	0	0	0	0	0	0	20.19404465	1.598803055	18.49717286	21.16390072	7.959171685	19.97033338
P24	0	3.151270377	1.620649141	3.493464532	4.067043619	3.425172566	0	0	0	0	3.979585842	3.328388897
P25	0	0	0	0.873366133	0	0.856293141	16.15523572	38.37127331	15.13405052	0	3.979585842	8.320972243
P26	25.46317374	31.51270377	22.68908797	68.99592451	34.97657512	27.40138053	2.692539286	7.994015274	6.726244676	11.39594654	1.989792921	1.664194449
P27	39.12634014	29.93706859	33.22330739	30.56781466	43.11066236	25.68879424	98.27768395	108.7186077	114.3461595	133.4953738	198.9792921	133.1355559
P28	0	0	0	1.746732266	0	0	8.077617859	4.796409164	5.044683507	3.255984726	9.948964606	4.992583346
P29	13.04211338	14.1807167	3.241298282	2.620098399	0.813408724	23.11991482	47.11943751	17.5868336	53.80995741	39.07181671	15.91834337	34.94808342
P30	19.25264356	17.33198708	42.94720223	11.35375973	23.58885299	23.11991482	86.16125716	134.2994566	171.5192392	86.28359524	143.2650903	123.1503892
P31	4.968424145	1.575635189	6.482596563	5.240196798	4.067043619	9.419224556	188.47775	151.8862902	178.2454839	156.2872669	242.7547364	201.3675283
P32	719.1793949	1510.246328	1305.432883	1059.393119	841.0646204	1048.102805	78.0836393	118.3114261	147.9773829	83.02761052	198.9792921	89.86650022
P33	9.936848289	3.939087972	0.81032457	14.84722426	10.57431341	5.137758849	9.423887502	3.19760611	5.044683507	4.883977089	1.989792921	9.985166691
P34	1.242106036	5.514723161	4.051622852	4.366830665	13.8279483	8.562931414	1.346269643	3.19760611	1.681561169	4.883977089	3.979585842	0
P35	5.589477163	4.726905566	5.672271993	2.620098399	3.253634895	2.568879424	362.146534	314.9642018	358.172529	377.6942282	509.3869878	329.5105008
P36	219.8527684	242.6478191	217.9773094	381.6610001	248.0896607	341.6609634	415.9973197	796.2039213	1365.427669	457.465854	785.9682038	705.6184462
P38	4.347371126	3.151270377	4.051622852	4.366830665	7.320678514	18.83844911	32.31047143	39.97007637	35.31278455	35.81583199	35.81627258	33.28388897
P39	45.33687032	55.9350492	47.80914965	92.5768101	110.6235864	76.21008959	16.15523572	46.36528859	38.67590689	35.81583199	63.67337348	23.29872228
P40	39.12634014	33.87615656	55.10207079	121.3978925	121.1978998	122.4499192	9.423887502	17.5868336	16.81561169	8.139961815	33.82647966	16.64194449
P41	0	1.575635189	1.620649141	0.873366133	0.813408724	4.281465707	4.038808929	7.994015274	5.044683507	0	0	1.664194449
P42	21.73685563	64.60104274	56.72271993	30.56781466	42.29725363	108.749229	232.9046483	246.2156704	223.6476355	273.502717	226.836393	327.8463064
P43	5.589477163	7.878175944	9.723894845	6.113562931	3.253634895	3.425172566	5.385078572	1.598803055	5.044683507	16.27992363	3.979585842	3.328388897
P44	3.10526509	6.302540755	21.8787634	0	9.760904685	11.98810398	49.8119768	52.76050081	47.08371273	55.35174034	53.72440887	38.27647232
P45	0	0	0	0	0	0	60.58213394	31.9760611	55.49151858	47.21177853	47.75503011	46.59744456
P46	0	0	0	0.873366133	0	0.856293141	1.346269643	4.796409164	3.363122338	3.255984726	11.93875753	3.328388897
P48	2.484212072	0	0.81032457	0.873366133	1.626817447	6.850345131	10.77015714	3.19760611	5.044683507	1.627992363	3.979585842	9.985166691
P49	0	0	0	0	0.813408724	1.712586283	5.385078572	4.796409164	3.363122338	9.767954178	7.959171685	3.328388897
P50	101.2316419	69.3279483	388.9557938	89.95671171	115.5040388	106.1803495	165.5911661	209.4432002	591.9095315	203.4990454	425.8156851	251.2933617
P55	14.28421942	7.090358349	12.96519313	9.607027464	21.96203554	22.26362168	35.00301072	35.17366721	31.94966221	17.90791599	11.93875753	29.95550007
P56	1.863159054	0	1.620649141	1.746732266	2.440226171	1.712586283	9.423887502	0	1.681561169	3.255984726	19.89792921	4.992583346
P57	1.242106036	0.787817594	44.56785137	0	11.38772213	0	16.15523572	9.592818329	35.31278455	30.9318549	73.62233808	14.97775004
P58	74.52636217	98.47719929	29.17168454	23.58088559	29.28271405	66.79086503	1.346269643	0	0	1.627992363	0	0
P60	70.80004406	68.54013071	83.46343075	123.1446248	101.6760905	71.92862388	84.81498752	84.7365619	94.16742547	76.51564106	127.346747	76.55294463
P62	1.863159054	1.575635189	8.103245704	4.366830665	5.693861066	5.137758849	1.346269643	9.592818329	6.726244676	3.255984726	11.93875753	8.320972243
P63	9.936848289	2.363452783	0.81032457	3.493464532	8.134087237	0.856293141	153.4747393	148.6886841	158.0667499	92.79556469	185.0507417	153.1058893
P64	36.64212807	45.69342047	29.98200911	27.94771626	10.57431341	26.54508738	363.4928036	383.7127331	474.2002497	284.8986635	278.571009	334.5030842
P65	3.726318108	1.575635189	1.620649141	6.113562931	3.253634895	12.84439712	1.346269643	7.994015274	18.49717286	11.39594654	11.93875753	9.985166691
P66	1.863159054	0.787817594	3.241298282	13.97385813	1.626817447	1.712586283	0	0	3.363122338	0	5.969378763	1.664194449
P68	16.14737847	51.99596123	29.98200911	53.27533412	49.61793215	61.65310618	48.46570715	148.6886841	159.7483111	81.39961815	119.3875753	64.90358349
P69	0.621053018	0	0.81032457	0	4.067043619	2.568879424	2.692539286	7.994015274	10.08936701	8.139961815	3.979585842	6.656777794
P70	88.81058158	96.11374651	89.94602732	132.7516522	142.3465267	90.76707299	53.85078572	43.16768248	67.26244676	53.72374798	61.68358056	54.9184168
P71	0	0	0	0	0	0	16.15523572	12.79042444	15.13405052	17.90791599	19.89792921	19.97033338
P72	1.863159054	0	0.81032457	0.873366133	0	0.856293141	32.31047143	38.37127331	57.17307975	76.51564106	280.5608019	41.60486121
P73	6.831583199	11.81726392	23.49941254	27.07435012	19.52180937	9.419224556	8.077617859	9.592818329	6.726244676	11.39594654	17.90813629	13.31355559
P74	435.3581657	67.75231312	42.13687766	61.13562931	61.819063	25.68879424	395.8032751	295.7785651	280.8207152	833.5320899	391.9892055	514.2360846
P76	234.1369878	278.8874284	221.2186077	419.2157439	386.3691438	295.4211338	131.934425	158.2815024	203.4689015	122.0994272	304.4383169	179.7330004
P78	20.4947496	38.60306212	46.99882508	14.84722426	164.3085622	46.23982964	126.5493465	39.97007637	258.96042	190.4751065	632.7541489	63.23938904
P79	10.55790131	14.1807167	129.6519313	10.4803936	26.02907916	14.5569834	8.077617859	7.994015274	1.681561169	3.255984726	1.989792921	6.656777794
P80	0	0	0	0	0	0	6.731348216	1.598803055	15.13405052	4.883977089	9.948964606	8.320972243
P81	0	0	0	0	1.626817447	2.568879424	56.54332501	36.77247026	45.40215156	19.53590836	47.75503011	33.28388897
P82	4.968424144	13.3928991	5.672271993	2.620098399	0.813408724	1.712586283	40.38808929	52.76050081	16.81561169	21.16390072	25.86730797	26.62711118
P84	0	0	0	0	0	0	18.847775	15.98803055	8.407805845	4.883977089	7.959171685	1.664194449
P85	77.63162726	93.75029373	68.06726392	132.7516522	161.0549273	100.1862975	1.346269643	3.19760611	10.08936701	3.255984726	7.959171685	8.320972243
P86	5.589477163	7.878175944	5.672271993	3.493464532	4.067043619	23.11991482	18.847775	23.98204582	5.044683507	6.511969452	1.989792921	11.64936114
P87	6.210530181	13.3928991	8.103245704	3.493464532	13.01453958	20.55103539	24.23285358	41.56887942	28.58653987	11.39594654	27.8571009	14.97775004
P88	22.35790865	30.72488618	71.3085622	27.07435012	14.64135703	76.21008959	17.50150536	35.17366721	35.31278455	17.90791599	29.84689382	16.64194449
P89	1.242106036	7.878175944	0	3.493464532	4.067043619	13.70069026	1.346269643	6.395212219	6.726244676	1.627992363	1.989792921	0
P90	4.968424145	11.02944632	20.25811426	17.46732266	23.58885299	12.84439712	95.58514466	76.74254663	100.8936701	86.28359524	179.0813629	116.4936114
P91	2.484212072	6.302540755	1.620649141	5.240196798	4.880452342	0.856293141	6.731348216	22.38324277	21.8602952	4.883977089	13.92855045	6.656777794
P92	65.83161991	14.96853429	1.620649141	6.113562931	4.067043619	11.13181084	0	1.598803055	3.363122338	0	0	0
P93	6.831583199	9.453811132	4.861947423	10.4803936	10.57431341	3.425172566	4.038808929	4.796409164	18.49717286	4.883977089	7.959171685	4.992583346
P94	0	0	4.051622852	0.873366133	0	0	14.80896607	7.994015274	8.407805845	11.39594654	17.90813629	11.64936114
P95	39.74739316	38.60306212	34.84395653	58.51553091	39.04361874	48.80870906	12.11642679	14.38922749	13.45248935	4.883977089	11.93875753	18.30613893
P96	0	0	0	0	0	0	40.38808929	52.76050081	75.67025261	45.58378617	107.4488177	53.25422235
P97	7.452636217	10.24162873	8.913570275	9.607027464	16.26817448	18.83844911	8.077617859	0	6.726244676	1.627992363	1.989792921	3.328388897
P99	0.621053018	0	1.620649141	0.873366133	0	0.856293141	16.15523572	47.96409164	38.67590689	30.9318549	33.82647966	41.60486121
P102	0.621053018	0.787817594	2.430973711	0	0	0.856293141	2.692539286	6.395212219	6.726244676	6.511969452	3.979585842	3.328388897
P104	31.67370392	82.72084741	16.20649141	16.59395653	52.05815832	24.8325011	13.46269643	1.598803055	31.94966221	4.883977089	7.959171685	6.656777794
P106	0	0	0	0	0	0	14.80896607	17.5868336	36.99434572	13.0239389	3.979585842	11.64936114
P107	3.10526509	3.939087972	9.723894845	9.607027464	4.067043619	3.425172566	17.50150536	15.98803055	13.45248935	14.65193127	29.84689382	8.320972243
P108	21.11580261	44.90560288	7.292921134	22.70751946	26.02907916	29.97025995	5.385078572	1.598803055	16.81561169	0	7.959171685	1.664194449
P109	99.98953591	66.17667793	61.58466735	137.991849	126.0783522	85.62931414	1999.21042	1315.814914	1294.8021	2074.062271	2357.904612	1920.480394
P110	24.2210677	9.453811132	12.15486856	30.56781466	32.53634895	20.55103539	224.8270304	159.8803055	208.513585	245.8268468	290.5097665	241.308195
P113	0.621053018	2.363452783	0	5.240196798	0.813408724	1.712586283	6.731348216	3.19760611	1.681561169	1.627992363	7.959171685	1.664194449
P118	3.726318108	0	2.430973711	7.860295198	2.440226171	7.706638273	2.692539286	1.598803055	1.681561169	8.139961815	9.948964606	14.97775004
P119	6.831583199	6.302540755	23.49941254	25.32761786	29.28271405	25.68879424	223.4807608	354.9342782	110.9830372	125.355412	135.3059186	138.1281392
P120	8.073689235	16.54416948	20.25811426	46.28840505	30.09612278	19.69474225	52.50451608	63.95212219	79.03337494	48.83977089	79.59171685	64.90358349
P124	3.726318108	1.575635189	1.620649141	0.873366133	0.813408724	5.137758849	0	0	0	0	0	0
P125	0	0	0	0	0	0	4.038808929	11.19162138	10.08936701	6.511969452	3.979585842	11.64936114
P126	39.12634014	43.32996769	74.54986048	33.18791306	26.02907916	83.91672786	105.0090322	466.850492	238.781686	144.8913203	175.1017771	131.4713614
P128	0	0	0	0.873366133	0	0	39.04181965	28.77845499	45.40215156	52.09575562	41.78565134	66.56777794
P129	124.8316566	148.8975253	192.0469232	147.5988765	123.638126	226.9176825	21.54031429	41.56887942	36.99434572	16.27992363	45.76523719	33.28388897
P131	1.242106036	0.787817594	13.7755177	6.986929064	8.134087237	2.568879424	18.847775	35.17366721	21.8602952	35.81583199	21.88772213	34.94808342
P132	0	0	0	0	0	0	59.2358643	305.3713835	48.7652739	92.79556469	167.1426054	138.1281392
P134	1.863159054	2.363452783	0	11.35375973	21.14862682	17.12586283	10.77015714	0	6.726244676	0	7.959171685	4.992583346
P135	1.242106036	10.24162873	0.81032457	3.493464532	0.813408724	0	18.847775	19.18563666	16.81561169	24.41988545	27.8571009	18.30613893
P136	1.242106036	1.575635189	2.430973711	0	1.626817447	1.712586283	25.57912322	9.592818329	15.13405052	24.41988545	21.88772213	8.320972243
P137	594.3477383	492.3859965	712.2752974	726.6406227	513.2609047	602.8303716	546.5854751	887.3356954	1279.66805	670.7328536	1010.814804	958.5760023
P138	0.621053018	0.787817594	0.81032457	0.873366133	0	27.40138053	0	12.79042444	11.77092818	0	5.969378763	1.664194449
P139	65.2105669	63.81322514	9.723894845	22.70751946	16.26817447	52.23388163	0	0	1.681561169	0	0	0
P141	0.621053018	0	0	0	0	0	5.385078572	3.19760611	5.044683507	9.767954178	3.979585842	3.328388897
P144	0.621053018	0	0	0	0	0	5.385078572	11.19162138	11.77092818	11.39594654	7.959171685	21.63452783
P145	9.315795271	4.726905566	8.103245704	12.22712586	12.20113086	20.55103539	44.42689822	47.96409164	28.58653987	39.07181671	33.82647966	44.93325011
P148	0.621053018	0	1.620649141	0	0	0.856293141	45.77316787	43.16768248	43.7205904	40.69980908	51.73461595	41.60486121
P149	14.90527243	14.96853429	38.89557938	13.97385813	19.52180937	88.19819357	18.847775	23.98204582	13.45248935	9.767954178	11.93875753	26.62711118
P151	206.810655	90.59902335	140.1861507	332.7524967	331.8707593	324.5351006	208.6717947	262.203701	253.9157365	195.3590836	399.9483771	241.308195
P152	0.621053018	0.787817594	0.81032457	0.873366133	0.813408724	0	2.692539286	6.395212219	5.044683507	1.627992363	1.989792921	3.328388897
P156	106.8211191	193.8031282	89.94602732	263.7565722	223.687399	172.1149214	130.5881554	105.5210016	132.8433324	125.355412	179.0813629	176.4046115
P157	183.8316933	177.2589587	230.132178	322.2721031	287.9466882	207.2229402	484.6570715	286.1857468	452.3399545	520.9575562	598.9276693	431.0263622
P158	3.10526509	0.787817594	4.861947423	1.746732266	0.813408724	4.281465707	2137.876193	1889.785211	2382.772177	2165.229843	3277.188941	2203.39345
P165	1.863159054	8.665993538	6.482596563	18.34068879	12.20113086	5.99405199	6.731348216	7.994015274	5.044683507	4.883977089	27.8571009	26.62711118
P166	1.242106036	2.363452783	1.620649141	1.746732266	8.134087237	2.568879424	8.077617859	6.395212219	3.363122338	6.511969452	15.91834337	4.992583346
P167	18.01053752	24.42234543	11.34454399	14.84722426	22.77544426	35.1080188	95.58514466	86.33536496	52.12839624	86.28359524	55.71420179	73.22455574
P170	7.452636217	1.575635189	4.051622852	3.493464532	4.880452342	10.2755177	52.50451608	62.35331914	68.94400793	79.77162579	117.3977823	53.25422235
P171	3.10526509	1.575635189	8.103245704	3.493464532	3.253634895	1.712586283	55.19705537	51.16169775	55.49151858	79.77162579	103.4692319	94.85908357
P172	0	0	0	3.493464532	0	0.856293141	2.692539286	1.598803055	3.363122338	1.627992363	5.969378763	0
P173	0	0	0	0	0	0	2.692539286	9.592818329	15.13405052	4.883977089	27.8571009	6.656777794
P176	0	0	0	0	0.813408724	0	28.27166251	1.598803055	36.99434572	16.27992363	31.83668674	53.25422235
P177	0	0	0.81032457	1.746732266	3.253634895	0	18.847775	12.79042444	21.8602952	8.139961815	17.90813629	18.30613893
P179	149.6737774	208.7716625	189.6159495	291.7042884	217.1801292	103.6114701	20.19404465	41.56887942	47.08371273	39.07181671	73.62233808	54.9184168
P181	1.242106036	2.363452783	1.620649141	1.746732266	2.440226171	6.850345131	18.847775	63.95212219	53.80995741	9.767954178	45.76523719	28.29130562
P183	9.315795271	22.05889264	14.58584227	9.607027464	91.91518578	14.5569834	9.423887502	1.598803055	16.81561169	6.511969452	27.8571009	1.664194449
P184	8.694742253	9.453811132	16.20649141	17.46732266	20.33521809	55.65905419	2.692539286	6.395212219	1.681561169	6.511969452	0	0
P186	1.863159054	2.363452783	0.81032457	5.240196798	6.50726979	4.281465707	8.077617859	15.98803055	8.407805845	1.627992363	3.979585842	1.664194449
P189	198.7369658	105.5675576	17.82714055	82.09641651	101.6760905	89.05448671	14.80896607	19.18563666	23.54185637	3.255984726	5.969378763	3.328388897
P192	0	0	0	0	0	0	40.38808929	75.14374357	28.58653987	16.27992363	33.82647966	24.96291673
P193	0.621053018	0	0.81032457	0	1.626817447	0	10.77015714	39.97007637	25.22341754	13.0239389	15.91834337	13.31355559
P196	5.589477163	10.24162873	8.103245704	14.84722426	19.52180937	9.419224556	1.346269643	3.19760611	20.17873403	1.627992363	3.979585842	8.320972243
P199	0	0	0	0	0	0	10.77015714	4.796409164	13.45248935	9.767954178	5.969378763	14.97775004
P200	18.63159054	28.3614334	8.103245704	10.4803936	19.52180937	17.98215597	4.038808929	7.994015274	5.044683507	1.627992363	5.969378763	3.328388897
P201	6.210530181	11.81726392	20.25811426	6.986929064	6.50726979	24.8325011	6.731348216	0	3.363122338	4.883977089	7.959171685	4.992583346
P202	3.10526509	6.302540755	2.430973711	2.620098399	4.880452342	0	25.57912322	68.74853136	36.99434572	47.21177853	43.77544426	59.91100015
P203	832.2110442	1171.484763	1313.536129	1645.421795	1484.470921	1602.124468	1358.38607	2954.588045	2429.855889	1906.379057	2578.771626	2093.556616
P204	132.2842928	133.1411734	176.6507564	259.3897415	220.4337641	164.4082832	144.0508518	116.712623	156.3851887	162.7992363	286.5301806	116.4936114
P205	10.55790131	14.96853429	25.12006168	61.13562931	40.67043619	36.82060508	8.077617859	15.98803055	25.22341754	11.39594654	9.948964606	13.31355559
P206	999.8953591	1897.064767	1608.494272	1262.014062	1102.168821	1256.182038	658.3258555	802.5991335	1124.964422	883.9998531	1070.508592	1126.659642
P207	96.88427082	100.0528345	44.56785137	81.22305037	162.6817447	113.0306947	315.0270965	618.7367822	506.1499119	335.3664268	575.0501542	424.3695844
P209	3.726318108	0	4.051622852	1.746732266	4.880452342	4.281465707	2.692539286	1.598803055	5.044683507	3.255984726	1.989792921	1.664194449
P210	0.621053018	0	0	0	0	0	5.385078572	9.592818329	5.044683507	0	3.979585842	3.328388897
P211	24.84212072	5.514723161	9.723894845	7.860295198	7.320678514	24.8325011	88.85379645	79.94015274	31.94966221	81.39961815	57.70399471	83.20972243
P214	1.863159054	0.787817594	4.051622852	3.493464532	0.813408724	3.425172566	1.346269643	6.395212219	6.726244676	1.627992363	3.979585842	3.328388897
P216	1.863159054	1.575635189	0	0	0	1.712586283	5.385078572	11.19162138	5.044683507	16.27992363	25.86730797	11.64936114
P217	1.242106036	0	4.861947423	2.620098399	0	1.712586283	2.692539286	11.19162138	11.77092818	8.139961815	3.979585842	1.664194449
P218	0	1.575635189	0.81032457	1.746732266	0	2.568879424	2.692539286	9.592818329	6.726244676	4.883977089	5.969378763	4.992583346
P220	13.6631664	49.63250844	38.08525481	41.04820825	37.41680129	77.06638273	556.0093626	540.3954325	264.0051035	1019.123219	479.540094	700.6258628
P221	0	0	0	0	0	0	18.847775	17.5868336	18.49717286	11.39594654	29.84689382	16.64194449
P222	132.2842928	192.227493	124.7899838	185.1536202	232.634895	167.8334557	41.73435894	55.95810692	40.35746806	42.32780144	37.8060655	33.28388897
P223	0	4.726905566	0.81032457	0	0.813408724	4.281465707	2.692539286	0	1.681561169	3.255984726	3.979585842	1.664194449
P224	0.621053018	0.787817594	0	0	2.440226171	11.13181084	12.11642679	9.592818329	3.363122338	8.139961815	9.948964606	8.320972243
P225	6.210530181	3.939087972	7.292921134	5.240196798	8.134087237	11.13181084	191.1702893	177.4671391	122.7539653	128.6113967	129.3365399	166.4194449
P227	283.8212293	342.7006535	309.5439859	651.5311353	513.2609047	432.4280364	876.4215377	671.497283	723.0713027	841.6720517	1207.804303	928.6205023
P228	445.295014	658.6155089	911.6151417	496.0719636	231.8214863	715.0047731	226.1733	869.7488618	474.2002497	205.1270377	270.6118373	241.308195
P230	18.63159054	9.453811132	2.430973711	5.240196798	17.89499192	13.70069026	8.077617859	1.598803055	1.681561169	1.627992363	1.989792921	1.664194449
P231	127.3158687	152.8366133	92.37700103	161.5727346	152.1074313	158.4142312	1043.358973	856.9584374	1049.294169	1155.874578	1540.099721	1133.316419
P233	0	0	0	0.873366133	0	0	14.80896607	22.38324277	11.77092818	21.16390072	31.83668674	24.96291673
P234	1.242106036	0	0	0	0.813408724	0.856293141	1.346269643	7.994015274	3.363122338	6.511969452	1.989792921	8.320972243
P236	0	0.787817594	0.81032457	0.873366133	0.813408724	0.856293141	2.692539286	11.19162138	15.13405052	0	0	0
P237	0	3.151270377	6.482596563	17.46732266	8.947495961	2.568879424	0	0	0	0	1.989792921	0
P240	0	3.151270377	0	0	0.813408724	0.856293141	6.731348216	6.395212219	0	4.883977089	1.989792921	1.664194449
P241	18.63159054	15.75635189	24.30973711	21.83415333	30.9095315	45.3835365	6.731348216	4.796409164	0	3.255984726	3.979585842	4.992583346
P242	6.210530181	5.514723161	11.34454399	5.240196798	1.626817447	10.2755177	1.346269643	6.395212219	3.363122338	3.255984726	7.959171685	3.328388897
P243	7.452636217	6.302540755	1.620649141	6.113562931	5.693861066	6.850345131	8.077617859	15.98803055	23.54185637	24.41988545	7.959171685	19.97033338
P244	61.48424879	74.84267146	84.27375532	64.62909385	58.56542811	147.2824203	114.4329197	306.9701865	221.9660743	244.1988545	240.7649435	920.29953
P245	134.1474519	148.1097077	99.66992216	164.192833	170.0024233	151.563886	5.385078572	57.55690997	11.77092818	22.79189308	15.91834337	21.63452783
P246	0	0	0	0.873366133	0	0	1.346269643	19.18563666	3.363122338	0	1.989792921	1.664194449
P248	5.589477163	5.514723161	3.241298282	16.59395653	18.70840065	8.562931414	5.385078572	4.796409164	5.044683507	4.883977089	15.91834337	9.985166691
P249	0.621053018	0	0	0	0.813408724	0.856293141	5.385078572	23.98204582	6.726244676	9.767954178	7.959171685	9.985166691
P252	4.968424145	9.453811132	10.53421942	13.97385813	8.134087237	9.419224556	1.346269643	3.19760611	1.681561169	1.627992363	3.979585842	0
P256	0	0	0	0	0.813408724	0	43.08062858	17.5868336	58.85464092	37.44382435	87.55088853	38.27647232
P257	62.72635482	97.6893817	105.3421942	176.4199589	156.9878837	108.749229	82.12244823	65.55092525	100.8936701	73.25965634	105.4590248	84.87391687
P258	49.68424145	61.44977236	173.4094581	17.46732266	332.684168	91.62336613	13.46269643	15.98803055	28.58653987	32.55984726	75.612131	56.58261125
P260	0	1.575635189	1.620649141	0	0.813408724	0	1.346269643	12.79042444	10.08936701	0	5.969378763	1.664194449
P261	3.726318108	0.787817594	2.430973711	7.860295198	8.134087237	19.69474225	4.038808929	3.19760611	13.45248935	3.255984726	5.969378763	3.328388897
P264	0.621053018	7.878175944	10.53421942	1.746732266	4.067043619	0.856293141	0	0	0	0	0	0
P265	0	0	0	0	0	0	13.46269643	17.5868336	21.8602952	13.0239389	15.91834337	13.31355559
P266	1.863159054	2.363452783	2.430973711	1.746732266	0.813408724	1.712586283	4.038808929	9.592818329	0	1.627992363	0	3.328388897
P270	0	0	0	0	0	0	9.423887502	9.592818329	21.8602952	16.27992363	27.8571009	8.320972243
P271	114.8948083	175.6833235	213.115362	72.48938904	119.5710824	269.7323396	130.5881554	362.9282934	369.9434572	110.7034807	222.8568072	161.4268615
P272	126.6948157	123.6873623	193.6675723	360.700213	274.1187399	212.3606991	150.7822	166.2755177	137.8880159	166.055221	280.5608019	231.3230283
P275	0	0	0	0	0	0	5.385078572	15.98803055	11.77092818	1.627992363	5.969378763	3.328388897
HN1	3.296282713	4.443946667	2.4265152	4.133723301	2.509624786	5.083678118	0.974559086	0.970014934	1.466556737	1.319151909	0.303755637	1.7959552
HN2	7.529231583	7.702314667	16.6584384	19.41972229	8.887978125	18.29396078	3.071706515	4.383930819	6.37768327	6.744040595	5.526600146	5.583871508
HN3	14.93344612	8.864213334	8.125344	6.198452632	13.90292341	14.89627391	8.358482745	10.09045242	8.536338406	4.748293852	10.77930909	8.168317046
HN4	6.051145461	5.460608	2.2150656	1.232281959	2.731120408	1.613186845	0.295342629	0	0.362658636	1.3618176	1.002028509	0.833453785
HN5	2.185874922	2.806869334	2.3124096	1.912293326	3.818735011	1.613186845	0	0	0	0	0	0
HN6	2.879879792	3.855104	1.8727488	4.723036733	0.34300416	2.016483556	0	0.5402592	0.658879526	0	0	0
HN7	2.602277844	4.008234667	0.6511104	1.129236409	2.965528902	2.077153883	0.0885312	0	0	0	0	0
HN8	5.697251061	1.790208	2.96352	2.130732039	2.108018502	5.291393506	0.812013257	0.493338362	1.664495491	2.385337783	1.791647128	0.4282112
HN9	2.324675896	1.597610667	0.5537664	1.116888795	1.706412218	4.863828664	0	0.537194667	0.604431059	0	0.6072192	0
HN10	1.0616832	2.814762667	0	0	5.245049484	1.613186845	0.2655936	0.694618972	0	0.288171155	0	0.1070528
HN11	0	0	4.3311744	1.450720671	0	2.700300047	0.72384	0.6446336	0.241772424	0	0.759024	0.192110769
HN12	0.7077888	1.016661334	0.5537664	1.013843245	0	1.038576941	0	0	0.411799704	0.33619968	0.182253382	0
HN13	0	0	1.3022208	0.461572655	1.37201664	0	0.1770624	0.107438934	0	0	0.303755637	0
